name: mld
channels:
  - anaconda
  - conda-forge
  - defaults
dependencies:
  - asttokens=2.0.8=pyhd8ed1ab_0
  - backcall=0.2.0=pyh9f0ad1d_0
  - backports=1.0=py_2
  - backports.functools_lru_cache=1.6.4=pyhd8ed1ab_0
  - brotlipy=0.7.0=py310h2bbff1b_1002
  - bzip2=1.0.8=h8ffe710_4
  - ca-certificates=2022.9.14=h5b45459_0
  - cffi=1.15.0=py310h2bbff1b_1
  - colorama=0.4.5=pyhd8ed1ab_0
  - cryptography=37.0.1=py310h21b164f_0
  - cudatoolkit=11.7.0=ha6f8bbd_10
  - cudnn=8.4.1.50=hf5f08ae_0
  - debugpy=1.6.3=py310h8a704f9_0
  - decorator=5.1.1=pyhd8ed1ab_0
  - entrypoints=0.4=pyhd8ed1ab_0
  - executing=1.0.0=pyhd8ed1ab_0
  - intel-openmp=2022.1.0=h57928b3_3787
  - ipykernel=6.15.3=pyh025b116_0
  - ipython=8.5.0=pyh08f2357_1
  - jedi=0.18.1=pyhd8ed1ab_2
  - jupyter_client=7.3.5=pyhd8ed1ab_0
  - jupyter_core=4.11.1=py310h5588dad_0
  - libblas=3.9.0=16_win64_mkl
  - libcblas=3.9.0=16_win64_mkl
  - libffi=3.4.2=h8ffe710_5
  - liblapack=3.9.0=16_win64_mkl
  - libsodium=1.0.18=h8d14728_1
  - libsqlite=3.39.3=hcfcfb64_0
  - libzlib=1.2.12=hcfcfb64_3
  - libzlib-wapi=1.2.12=hcfcfb64_3
  - matplotlib-inline=0.1.6=pyhd8ed1ab_0
  - mkl=2022.1.0=h6a75c08_874
  - nest-asyncio=1.5.5=pyhd8ed1ab_0
  - numpy=1.23.3=py310h4a8f9c9_0
  - openssl=3.0.5=hcfcfb64_2
  - packaging=21.3=pyhd8ed1ab_0
  - pandas=1.5.0=py310h1c4a608_0
  - parso=0.8.3=pyhd8ed1ab_0
  - pickleshare=0.7.5=py_1003
  - pip=22.2.2=pyhd8ed1ab_0
  - prompt-toolkit=3.0.31=pyha770c72_0
  - psutil=5.9.2=py310h8d17308_0
  - pure_eval=0.2.2=pyhd8ed1ab_0
  - pycparser=2.21=pyhd3eb1b0_0
  - pygments=2.13.0=pyhd8ed1ab_0
  - pyopenssl=22.0.0=pyhd3eb1b0_0
  - pyparsing=3.0.9=pyhd8ed1ab_0
  - pysocks=1.7.1=py310haa95532_0
  - python=3.10.6=hcf16a7b_0_cpython
  - python-dateutil=2.8.2=pyhd8ed1ab_0
  - python_abi=3.10=2_cp310
  - pytz=2022.2.1=pyhd8ed1ab_0
  - pywin32=303=py310he2412df_0
  - pyzmq=24.0.1=py310hcd737a0_0
  - setuptools=65.3.0=pyhd8ed1ab_1
  - six=1.16.0=pyh6c4a22f_0
  - sqlite=3.39.3=hcfcfb64_0
  - stack_data=0.5.0=pyhd8ed1ab_0
  - tbb=2021.5.0=h91493d7_2
  - tk=8.6.12=h8ffe710_0
  - tornado=6.2=py310he2412df_0
  - traitlets=5.4.0=pyhd8ed1ab_0
  - tzdata=2022c=h191b570_0
  - ucrt=10.0.20348.0=h57928b3_0
  - vc=14.2=hb210afc_7
  - vs2015_runtime=14.29.30139=h890b9b1_7
  - wcwidth=0.2.5=pyh9f0ad1d_2
  - wheel=0.37.1=pyhd8ed1ab_0
  - win_inet_pton=1.1.0=py310haa95532_0
  - xz=5.2.6=h8d14728_0
  - zeromq=4.3.4=h0e60522_1
  - pip:
    - absl-py==1.2.0
    - astunparse==1.6.3
    - cachetools==5.2.0
    - certifi==2022.9.14
    - charset-normalizer==2.1.1
    - contourpy==1.0.5
    - cycler==0.11.0
    - flatbuffers==2.0.7
    - fonttools==4.37.3
    - gast==0.5.3
    - google-auth==2.11.1
    - google-auth-oauthlib==0.4.6
    - google-pasta==0.2.0
    - grpcio==1.49.1
    - h5py==3.7.0
    - idna==3.4
    - keras==2.8.0
    - keras-preprocessing==1.1.2
    - kiwisolver==1.4.4
    - libclang==14.0.6
    - markdown==3.4.1
    - markupsafe==2.1.1
    - matplotlib==3.6.0
    - oauthlib==3.2.1
    - opt-einsum==3.3.0
    - pillow==9.2.0
    - protobuf==4.21.6
    - pyasn1==0.4.8
    - pyasn1-modules==0.2.8
    - requests==2.28.1
    - requests-oauthlib==1.3.1
    - rsa==4.9
    - tensorboard==2.8.0
    - tensorboard-data-server==0.6.1
    - tensorboard-plugin-wit==1.8.1
    - tensorflow-gpu==2.8.0
    - tensorflow-io-gcs-filesystem==0.27.0
    - termcolor==2.0.1
    - tf-estimator-nightly==2.8.0.dev2021122109
    - typing-extensions==4.3.0
    - urllib3==1.26.12
    - werkzeug==2.2.2
    - wrapt==1.14.1
prefix: C:\Users\wgbc8390\AppData\Local\Continuum\miniconda3\envs\mld
